time [ps]	intensity [W]	phase [rad]
-4.1024502	0.065426601	-60.701206
-4.086425	0.068190421	-60.42016
-4.0703998	0.052329299	-60.325035
-4.0543746	0.026052587	-60.579897
-4.0383494	0.027035011	-61.490719
-4.0223242	0.099734114	-61.956128
-4.006299	0.25522752	-62.041571
-3.9902738	0.44798696	-62.027026
-3.9742486	0.59567095	-61.980286
-3.9582234	0.63156561	-61.922798
-3.9421982	0.54831322	-61.865288
-3.926173	0.39766454	-61.817907
-3.9101478	0.24981076	-61.795497
-3.8941226	0.14975885	-61.816388
-3.8780974	0.10484491	-61.873232
-3.8620722	0.10320135	-61.892922
-3.846047	0.13492765	-61.816541
-3.8300218	0.19332288	-61.669477
-3.8139966	0.26230538	-61.489197
-3.7979714	0.31363189	-61.284817
-3.7819462	0.32460847	-61.04353
-3.765921	0.30004574	-60.741
-3.7498958	0.27309328	-60.361101
-3.7338706	0.2794242	-59.940036
-3.7178455	0.32676643	-59.564609
-3.7018203	0.3875772	-59.282136
-3.6857951	0.42095913	-59.081767
-3.6697699	0.40340066	-58.937551
-3.6537447	0.34249342	-58.826815
-3.6377195	0.26623096	-58.729077
-3.6216943	0.20224767	-58.622402
-3.6056691	0.16561216	-58.488229
-3.5896439	0.15995851	-58.329484
-3.5736187	0.18217763	-58.173768
-3.5575935	0.22109214	-58.040968
-3.5415683	0.25341455	-57.925906
-3.5255431	0.24950522	-57.808235
-3.5095179	0.19413643	-57.653311
-3.4934927	0.10859643	-57.375751
-3.4774675	0.049802995	-56.703836
-3.4614423	0.075403759	-55.727538
-3.4454171	0.19478935	-55.270694
-3.4293919	0.34714782	-55.07021
-3.4133667	0.43414771	-54.95942
-3.3973415	0.39083353	-54.898406
-3.3813163	0.24017061	-54.896764
-3.3652911	0.082532432	-55.065623
-3.3492659	0.022793007	-56.118196
-3.3332407	0.091907227	-56.999614
-3.3172156	0.22682555	-57.130581
-3.3011904	0.32348943	-57.126173
-3.2851652	0.31627115	-57.087521
-3.26914	0.21903898	-57.055741
-3.2531148	0.10171627	-57.101384
-3.2370896	0.032050327	-57.492865
-3.2210644	0.033885526	-58.365911
-3.2050392	0.087617299	-58.597736
-3.189014	0.1582571	-58.487146
-3.1729888	0.22067474	-58.253393
-3.1569636	0.26654613	-57.956728
-3.1409384	0.29881541	-57.624863
-3.1249132	0.32488936	-57.278708
-3.108888	0.35189504	-56.940165
-3.0928628	0.38227501	-56.63261
-3.0768376	0.41125498	-56.374477
-3.0608124	0.42989324	-56.172383
-3.0447872	0.43191876	-56.018886
-3.028762	0.41714541	-55.892583
-3.0127368	0.38902821	-55.758886
-2.9967116	0.35374745	-55.57379
-2.9806864	0.32718097	-55.295564
-2.9646612	0.34127234	-54.919067
-2.948636	0.43211017	-54.512896
-2.9326109	0.60751651	-54.155976
-2.9165857	0.8211819	-53.859046
-2.9005605	0.98781524	-53.592994
-2.8845353	1.0405521	-53.324174
-2.8685101	0.98561385	-53.023175
-2.8524849	0.90077498	-52.674102
-2.8364597	0.87102645	-52.297624
-2.8204345	0.91518471	-51.952861
-2.8044093	0.96964375	-51.68664
-2.7883841	0.94419162	-51.507087
-2.7723589	0.79883852	-51.406667
-2.7563337	0.57406233	-51.3834
-2.7403085	0.35345059	-51.447693
-2.7242833	0.19902765	-51.613628
-2.7082581	0.11715924	-51.852069
-2.6922329	0.076163075	-52.042487
-2.6762077	0.047461618	-52.043533
-2.6601825	0.027640554	-51.722552
-2.6441573	0.026396999	-51.109651
-2.6281321	0.041865167	-50.66546
-2.6121069	0.054072878	-50.436259
-2.5960817	0.044178309	-50.271757
-2.5800565	0.017817947	-49.998672
-2.5640313	0.0051996879	-48.697926
-2.5480061	0.034275343	-47.788109
-2.531981	0.1032132	-47.676364
-2.5159558	0.1832295	-47.73154
-2.4999306	0.25355397	-47.890235
-2.4839054	0.33304608	-48.123708
-2.4678802	0.4682726	-48.359769
-2.451855	0.67889841	-48.520332
-2.4358298	0.91196521	-48.580327
-2.4198046	1.0608067	-48.546102
-2.4037794	1.0459365	-48.421263
-2.3877542	0.88667875	-48.195746
-2.371729	0.68894768	-47.852444
-2.3557038	0.55239143	-47.400915
-2.3396786	0.48614371	-46.906133
-2.3236534	0.42263656	-46.413452
-2.3076282	0.32122116	-45.862076
-2.291603	0.25252987	-45.111181
-2.2755778	0.36047174	-44.27516
-2.2595526	0.71765969	-43.693636
-2.2435274	1.2078667	-43.310441
-2.2275022	1.5631707	-43.009631
-2.211477	1.5496089	-42.728109
-2.1954518	1.1564302	-42.413892
-2.1794266	0.63051957	-41.971401
-2.1634014	0.32125344	-41.173556
-2.1473763	0.45015895	-40.191256
-2.1313511	0.96967921	-39.622619
-2.1153259	1.598611	-39.28416
-2.0993007	1.9952164	-39.034911
-2.0832755	1.9502628	-38.832573
-2.0672503	1.4900631	-38.670719
-2.0512251	0.8455027	-38.572219
-2.0351999	0.31680136	-38.64518
-2.0191747	0.1117931	-39.318986
-2.0031495	0.24441372	-40.035856
-1.9871243	0.54696124	-40.117495
-1.9710991	0.78554049	-40.001923
-1.9550739	0.80589915	-39.794592
-1.9390487	0.61862308	-39.490736
-1.9230235	0.37537922	-39.011919
-1.9069983	0.26226622	-38.235936
-1.8909731	0.38671246	-37.424087
-1.8749479	0.72590905	-36.891674
-1.8589227	1.1524573	-36.528474
-1.8428975	1.5039697	-36.241184
-1.8268723	1.6519583	-35.995606
-1.8108471	1.5453479	-35.782704
-1.7948219	1.2245443	-35.606348
-1.7787967	0.80528527	-35.483205
-1.7627715	0.42975264	-35.453702
-1.7467464	0.19664576	-35.600687
-1.7307212	0.1086008	-35.956695
-1.714696	0.083031573	-36.245336
-1.6986708	0.037397052	-36.302498
-1.6826456	0.0013326869	-33.295476
-1.6666204	0.17773229	-32.99507
-1.6505952	0.90425852	-32.802172
-1.63457	2.530184	-32.587434
-1.6185448	5.2641709	-32.354872
-1.6025196	9.0428676	-32.109
-1.5864944	13.451521	-31.85316
-1.5704692	17.735037	-31.589191
-1.554444	20.950339	-31.317218
-1.5384188	22.264457	-31.035648
-1.5223936	21.287476	-30.74144
-1.5063684	18.245745	-30.430489
-1.4903432	13.872076	-30.097593
-1.474318	9.1004072	-29.733897
-1.4582928	4.8091416	-29.31331
-1.4422676	1.7726386	-28.720803
-1.4262424	0.70803646	-27.474743
-1.4102172	2.1414287	-26.31449
-1.394192	6.0013277	-25.807632
-1.3781668	11.249967	-25.490744
-1.3621417	16.0501	-25.257459
-1.3461165	18.635806	-25.086198
-1.3300913	18.421462	-24.981439
-1.3140661	16.534637	-24.961074
-1.2980409	15.291975	-25.033103
-1.2820157	16.913299	-25.143957
-1.2659905	22.306397	-25.194483
-1.2499653	30.597217	-25.143835
-1.2339401	39.453289	-25.010522
-1.2179149	45.805957	-24.822498
-1.2018897	46.693059	-24.599619
-1.1858645	40.309766	-24.351717
-1.1698393	27.339669	-24.075052
-1.1538141	12.041855	-23.725617
-1.1377889	1.9642165	-22.896448
-1.1217637	5.3920198	-20.949503
-1.1057385	26.978528	-20.435245
-1.0897133	63.678163	-20.129742
-1.0736881	103.80591	-19.866518
-1.0576629	130.92638	-19.612985
-1.0416377	131.65567	-19.35242
-1.0256125	103.76181	-19.063174
-1.0095873	59.896248	-18.691461
-0.99356215	23.868875	-18.038414
-0.97753695	20.136062	-16.797019
-0.96151175	61.221788	-15.989169
-0.94548656	139.69805	-15.571964
-0.92946136	229.58481	-15.265164
-0.91343617	297.18428	-14.995224
-0.89741097	316.13685	-14.737114
-0.88138577	279.09822	-14.4782
-0.86536058	200.41304	-14.207671
-0.84933538	109.15515	-13.906983
-0.83331019	36.677212	-13.510836
-0.81728499	4.6487283	-12.434912
-0.8012598	18.141157	-10.64767
-0.7852346	65.43829	-10.133121
-0.7692094	123.85907	-9.7689171
-0.75318421	169.45461	-9.4226968
-0.73715901	187.30796	-9.0575176
-0.72113382	178.17559	-8.6456458
-0.70510862	157.60156	-8.1605464
-0.68908342	146.74266	-7.5996399
-0.67305823	159.16448	-7.0200727
-0.65703303	191.42223	-6.4966769
-0.64100784	223.8976	-6.0465163
-0.62498264	232.13457	-5.6436068
-0.60895744	202.06609	-5.250974
-0.59293225	140.29904	-4.8172664
-0.57690705	74.599742	-4.2245743
-0.56088186	46.238718	-3.2130387
-0.54485666	99.376053	-2.1814725
-0.52883146	270.99581	-1.5986071
-0.51280627	581.13044	-1.2131773
-0.49678107	1022.3009	-0.91026102
-0.48075588	1550.8172	-0.65383807
-0.46473068	2086.9562	-0.43062583
-0.44870549	2530.3392	-0.23524954
-0.43268029	2789.3569	-0.066158812
-0.41665509	2813.8849	0.075267964
-0.4006299	2616.1754	0.1844303
-0.3846047	2269.5524	0.25287736
-0.36857951	1885.3677	0.26885121
-0.35255431	1578.3737	0.22307156
-0.33652911	1433.6403	0.12429046
-0.32050392	1484.4103	0.010808135
-0.30447872	1704.3915	-0.073280361
-0.28845353	2014.4159	-0.11191499
-0.27242833	2302.8866	-0.11528496
-0.25640313	2459.1344	-0.10356893
-0.24037794	2415.7967	-0.10038585
-0.22435274	2191.0018	-0.13486383
-0.20832755	1917.2856	-0.24389821
-0.19230235	1845.6182	-0.45115295
-0.17627715	2319.7864	-0.70037946
-0.16025196	3724.4081	-0.87650875
-0.14422676	6414.1568	-0.94225231
-0.12820157	10631.7	-0.92597049
-0.11217637	16422.203	-0.85945141
-0.096151175	23558.514	-0.7633819
-0.08012598	31502.417	-0.65002061
-0.064100784	39433.528	-0.52658349
-0.048075588	46366.283	-0.39730479
-0.032050392	51343.638	-0.26460245
-0.016025196	53656.746	-0.12976733
 0	53016.484	0.0065966338
0.016025196	49613.34	0.14426795
0.032050392	44045.201	0.28318225
0.048075588	37145.922	0.42326122
0.064100784	29782.579	0.56429256
0.08012598	22689.917	0.70587518
0.096151175	16381.397	0.84745372
0.11217637	11137.771	0.98846691
0.12820157	7046.8003	1.1286315
0.14422676	4060.9039	1.268419
0.16025196	2049.0808	1.4100053
0.17627715	834.5794	1.5601368
0.19230235	221.04128	1.7452359
0.20832755	13.391036	2.2651631
0.22435274	37.089548	4.7174763
0.24037794	154.60054	5.0041145
0.25640313	274.98987	5.1783862
0.27242833	353.40651	5.3375044
0.28845353	380.97228	5.4978413
0.30447872	369.57845	5.664966
0.32050392	337.55382	5.8407598
0.33652911	300.41445	6.0248561
0.35255431	267.51098	6.2155077
0.36857951	242.71494	6.4107087
0.3846047	226.57681	6.6090197
0.4006299	218.19418	6.8092233
0.41665509	216.147	7.0089034
0.43268029	218.5785	7.2032075
0.44870549	222.87042	7.3849421
0.46473068	225.57174	7.5457872
0.48075588	223.15809	7.6773632
0.49678107	213.6275	7.7713247
0.51280627	198.13317	7.819091
0.52883146	181.48805	7.8133195
0.54485666	170.88321	7.7539588
0.56088186	173.23846	7.6573544
0.57690705	192.44189	7.5550064
0.59293225	227.761	7.4743927
0.60895744	274.01682	7.424286
0.62498264	323.25369	7.3989806
0.64100784	367.08641	7.3880919
0.65703303	398.80655	7.3820006
0.67305823	414.59609	7.3734027
0.68908342	413.68478	7.3571718
0.70510862	397.79606	7.3295996
0.72113382	370.4775	7.2874247
0.73715901	336.71309	7.2270772
0.75318421	302.69816	7.1449633
0.7692094	275.25831	7.0399351
0.7852346	260.50006	6.9179993
0.8012598	261.86349	6.7951632
0.81728499	278.36858	6.6919675
0.83331019	304.03724	6.6225372
0.84933538	329.08426	6.5895224
0.86536058	342.72305	6.587194
0.88138577	336.68845	6.6062005
0.89741097	308.15507	6.6361099
0.91343617	260.82814	6.6657415
0.92946136	203.65281	6.68215
0.94548656	147.61476	6.669053
0.96151175	101.99627	6.6067306
0.97753695	71.678799	6.480194
0.99356215	56.474253	6.3036915
1.0095873	52.400798	6.133191
1.0256125	53.958883	6.0194302
1.0416377	56.261554	5.9690943
1.0576629	56.27728	5.9636654
1.0736881	53.047312	5.9822976
1.0897133	47.16756	6.0088742
1.1057385	39.966126	6.0325736
1.1217637	32.752422	6.0475625
1.1377889	26.371468	6.0525905
1.1538141	21.121544	6.049474
1.1698393	16.931895	6.0397393
1.1858645	13.617623	6.0206507
1.2018897	11.062926	5.9836351
1.2179149	9.2783675	5.9184131
1.2339401	8.3467363	5.8245518
1.2499653	8.2923314	5.7226457
1.2659905	8.9280527	5.6454974
1.2820157	9.7780977	5.6141154
1.2980409	10.181396	5.6304006
1.3140661	9.5812295	5.686921
1.3300913	7.8420234	5.7754774
1.3461165	5.3600948	5.8895913
1.3621417	2.8595274	6.0225108
1.3781668	1.0056977	6.1555434
1.394192	0.1109877	6.1230453
1.4102172	0.11452385	3.9401869
1.4262424	0.77966107	3.9820615
1.4422676	1.8941464	4.2083086
1.4582928	3.3116934	4.4570935
1.474318	4.8596939	4.6994386
1.4903432	6.2632492	4.9269441
1.5063684	7.1952599	5.141109
1.5223936	7.423621	5.3489782
1.5384188	6.9346849	5.5609441
1.554444	5.9392717	5.7898647
1.5704692	4.7648096	6.0500687
1.5864944	3.7103596	6.3539539
1.6025196	2.9446878	6.7042452
1.6185448	2.483691	7.086815
1.63457	2.2366287	7.4779063
1.6505952	2.0841195	7.8635059
1.6666204	1.9455326	8.2466123
1.6826456	1.8051477	8.6374572
1.6986708	1.691285	9.0399746
1.714696	1.6297085	9.4440037
1.7307212	1.6057918	9.8299125
1.7467464	1.5608489	10.18233
1.7627715	1.4242306	10.498312
1.7787967	1.1603173	10.786264
1.7948219	0.80040389	11.065614
1.8108471	0.43715466	11.38058
1.8268723	0.18080262	11.863075
1.8428975	0.10174117	12.768294
1.8589227	0.19672663	13.525356
1.8749479	0.40173034	13.820503
1.8909731	0.63954177	13.915197
1.9069983	0.86274199	13.91304
1.9230235	1.0592964	13.859097
1.9390487	1.224555	13.784242
1.9550739	1.3347462	13.709818
1.9710991	1.3519113	13.645771
1.9871243	1.2550592	13.592528
2.0031495	1.0647224	13.545227
2.0191747	0.83595588	13.497574
2.0351999	0.62690777	13.445432
2.0512251	0.47100225	13.390785
2.0672503	0.37141113	13.342812
2.0832755	0.31262788	13.309858
2.0993007	0.27350202	13.286464
2.1153259	0.23546479	13.248917
2.1313511	0.19017451	13.157887
2.1473763	0.14659947	12.961609
2.1634014	0.12739917	12.639113
2.1794266	0.14877716	12.309158
2.1954518	0.19824754	12.121781
2.211477	0.23642533	12.094107
2.2275022	0.23053661	12.21313
2.2435274	0.19170914	12.506918
2.2595526	0.17469891	12.998906
2.2755778	0.22995933	13.529398
2.291603	0.34820176	13.917584
2.3076282	0.45411932	14.191478
2.3236534	0.46476676	14.426828
2.3396786	0.36471411	14.693941
2.3557038	0.22790843	15.094693
2.371729	0.16152534	15.744018
2.3877542	0.21895832	16.400931
2.4037794	0.35800321	16.784571
2.4198046	0.47820006	16.990911
2.4358298	0.49997085	17.110537
2.451855	0.41618988	17.181952
2.4678802	0.28032377	17.22304
2.4839054	0.15513977	17.248952
2.4999306	0.072666406	17.289484
2.5159558	0.031387998	17.412666
2.531981	0.016052666	17.699304
2.5480061	0.012741269	18.049787
2.5640313	0.011198176	18.286743
2.5800565	0.0056394747	18.46363
2.5960817	0.00028248792	19.593896
2.6121069	0.0095758392	21.292574
2.6281321	0.044102393	21.370568
2.6441573	0.094149138	21.345434
2.6601825	0.13464841	21.240873
2.6762077	0.15497403	21.026111
2.6922329	0.18353441	20.694643
2.7082581	0.27273562	20.363176
2.7242833	0.44846168	20.161702
2.7403085	0.67136271	20.094508
2.7563337	0.85399091	20.126419
2.7723589	0.9248876	20.237038
2.7883841	0.88173451	20.419997
2.8044093	0.78416863	20.669516
2.8204345	0.69587125	20.962312
2.8364597	0.63358577	21.252894
2.8524849	0.56867796	21.49914
2.8685101	0.47071002	21.683994
2.8845353	0.3433783	21.808905
2.9005605	0.21928676	21.884911
2.9165857	0.12786892	21.944339
2.9326109	0.07599989	22.076237
2.948636	0.059723914	22.409656
2.9646612	0.087026319	22.861575
2.9806864	0.180047	23.196788
2.9967116	0.35059912	23.419729
3.0127368	0.57427224	23.596352
3.028762	0.79163647	23.761453
3.0447872	0.93903728	23.931724
3.0608124	0.98462911	24.117054
3.0768376	0.94273034	24.324388
3.0928628	0.85959987	24.55679
3.108888	0.78507109	24.808797
3.1249132	0.74985292	25.062569
3.1409384	0.75806458	25.293881
3.1569636	0.79135729	25.486603
3.1729888	0.8162643	25.640004
3.189014	0.79192704	25.764344
3.2050392	0.68316845	25.874437
3.2210644	0.48329534	25.98924
3.2370896	0.23849227	26.149106
3.2531148	0.051539592	26.58242
3.26914	0.045123583	28.431292
3.2851652	0.29193828	28.939487
3.3011904	0.75282321	29.096569
3.3172156	1.2726615	29.19144
3.3332407	1.6498924	29.265351
3.3492659	1.7410017	29.332189
3.3652911	1.5320873	29.402079
3.3813163	1.1329206	29.489267
3.3973415	0.70553371	29.620814
3.4133667	0.38081457	29.850946
3.4293919	0.21197701	30.255129
3.4454171	0.17669119	30.770201
3.4614423	0.20858854	31.162098
3.4774675	0.235343	31.410104
3.4934927	0.21228575	31.615951
3.5095179	0.14464289	31.895657
3.5255431	0.085828023	32.440564
3.5415683	0.10272843	33.23677
3.5575935	0.22215255	33.731645
3.5736187	0.39712236	33.971081
3.5896439	0.52685978	34.112532
3.6056691	0.52424929	34.219401
3.6216943	0.38157627	34.325267
3.6377195	0.18100971	34.477341
3.6537447	0.0388765	34.904064
3.6697699	0.026359849	36.576004
3.6857951	0.12693565	37.119266
3.7018203	0.25856755	37.269647
3.7178455	0.33665851	37.345861
3.7338706	0.32663229	37.394276
3.7498958	0.25158062	37.426169
3.765921	0.16064596	37.442351
3.7819462	0.091362101	37.437312
3.7979714	0.054544448	37.405643
3.8139966	0.044316829	37.364621
3.8300218	0.054885328	37.351625
3.846047	0.086228174	37.367218
3.8620722	0.13717848	37.387292
3.8780974	0.19778685	37.397936
3.8941226	0.251259	37.394877
3.9101478	0.28378746	37.378086
3.926173	0.29225919	37.351363
3.9421982	0.28306981	37.324408
3.9582234	0.26481262	37.313716
3.9742486	0.24247271	37.339018
3.9902738	0.21697203	37.416414
4.006299	0.18770255	37.553971
4.0223242	0.15452484	37.754018
4.0383494	0.11903145	38.022099
4.0543746	0.086141548	38.378118
4.0703998	0.063990355	38.847438
4.086425	0.058584406	39.381767