1295    1.20E-08
1295.2  6.42E-09
1295.4  1.32E-08
1295.6  1.62E-08
1295.8  3.16E-08
1296    2.02E-08
1296.2  7.78E-09
1296.4  3.55E-08
1296.6  2.13E-08
1296.8  2.27E-08
1297    1.76E-08
1297.2  1.82E-08
1297.4  -7.32E-09
1297.6  2.76E-08
1297.8  1.22E-08
1298    1.97E-08
1298.2  -5.53E-09
1298.4  2.21E-08
1298.6  1.34E-08
1298.8  -4.60E-09
1299    4.47E-09
1299.2  4.44E-09
1299.4  -3.38E-09
1299.6  -4.38E-09
1299.8  -4.96E-09
1300    6.51E-08
1300.2  2.48E-09
1300.4  -7.75E-09
1300.6  2.34E-08
1300.8  4.00E-08
1301    5.08E-08
1301.2  1.20E-08
1301.4  -8.26E-09
1301.6  1.84E-08
1301.8  3.49E-08
1302    1.72E-08
1302.2  6.19E-08
1302.4  1.21E-08
1302.6  7.18E-09
1302.8  1.86E-08
1303    3.36E-08
1303.2  3.80E-08
1303.4  2.30E-08
1303.6  -6.23E-09
1303.8  1.66E-08
1304    1.49E-08
1304.2  3.86E-08
1304.4  -6.82E-09
1304.6  4.53E-08
1304.8  3.07E-09
1305    2.77E-08
1305.2  7.86E-09
1305.4  2.91E-08
1305.6  3.07E-08
1305.8  3.38E-08
1306    4.12E-08
1306.2  -6.14E-09
1306.4  4.14E-08
1306.6  2.20E-08
1306.8  1.66E-08
1307    2.05E-08
1307.2  5.39E-10
1307.4  1.09E-09
1307.6  2.22E-08
1307.8  2.47E-08
1308    2.05E-08
1308.2  4.40E-08
1308.4  3.07E-09
1308.6  2.31E-08
1308.8  5.55E-09
1309    2.64E-09
1309.2  2.94E-08
1309.4  3.19E-08
1309.6  2.70E-08
1309.8  2.27E-08
1310    3.16E-08
1310.2  1.78E-08
1310.4  -4.28E-09
1310.6  2.37E-08
1310.8  3.03E-09
1311    -1.13E-08
1311.2  3.28E-08
1311.4  2.17E-08
1311.6  2.15E-08
1311.8  2.37E-08
1312    3.99E-08
1312.2  2.55E-08
1312.4  7.33E-09
1312.6  4.36E-08
1312.8  3.14E-08
1313    5.66E-09
1313.2  4.30E-08
1313.4  1.05E-08
1313.6  2.18E-08
1313.8  -1.24E-08
1314    9.99E-09
1314.2  2.88E-08
1314.4  3.48E-08
1314.6  2.61E-08
1314.8  3.09E-08
1315    2.05E-08
1315.2  -4.74E-09
1315.4  4.38E-08
1315.6  3.85E-08
1315.8  2.64E-08
1316    2.69E-08
1316.2  4.49E-08
1316.4  1.55E-08
1316.6  3.03E-08
1316.8  2.64E-08
1317    2.67E-08
1317.2  3.30E-08
1317.4  3.94E-08
1317.6  2.28E-09
1317.8  4.46E-08
1318    2.47E-08
1318.2  3.78E-08
1318.4  2.46E-08
1318.6  5.61E-08
1318.8  1.69E-08
1319    5.52E-08
1319.2  4.59E-08
1319.4  5.07E-08
1319.6  2.10E-08
1319.8  3.60E-08
1320    4.11E-08
1320.2  7.72E-08
1320.4  5.63E-08
1320.6  5.97E-08
1320.8  3.63E-08
1321    3.33E-08
1321.2  4.69E-08
1321.4  1.62E-08
1321.6  5.44E-08
1321.8  2.76E-08
1322    4.39E-09
1322.2  5.79E-08
1322.4  3.40E-08
1322.6  6.07E-08
1322.8  2.62E-08
1323    2.30E-08
1323.2  1.06E-08
1323.4  7.94E-08
1323.6  7.17E-08
1323.8  4.36E-08
1324    3.94E-08
1324.2  3.16E-08
1324.4  2.41E-08
1324.6  5.28E-08
1324.8  6.13E-08
1325    7.61E-08
1325.2  5.91E-08
1325.4  3.52E-08
1325.6  8.55E-08
1325.8  4.46E-08
1326    6.74E-08
1326.2  4.51E-08
1326.4  5.47E-08
1326.6  6.89E-08
1326.8  5.90E-08
1327    5.02E-08
1327.2  8.11E-08
1327.4  7.06E-08
1327.6  8.85E-08
1327.8  7.01E-08
1328    8.00E-08
1328.2  7.64E-08
1328.4  7.23E-08
1328.6  9.70E-08
1328.8  6.85E-08
1329    6.56E-08
1329.2  6.59E-08
1329.4  9.51E-08
1329.6  5.97E-08
1329.8  8.37E-08
1330    8.15E-08
1330.2  8.59E-08
1330.4  9.07E-08
1330.6  1.01E-07
1330.8  8.06E-08
1331    9.08E-08
1331.2  7.26E-08
1331.4  8.15E-08
1331.6  8.78E-08
1331.8  8.97E-08
1332    8.21E-08
1332.2  1.02E-07
1332.4  6.99E-08
1332.6  9.95E-08
1332.8  8.86E-08
1333    9.78E-08
1333.2  1.14E-07
1333.4  1.22E-07
1333.6  1.02E-07
1333.8  1.15E-07
1334    1.27E-07
1334.2  1.27E-07
1334.4  1.46E-07
1334.6  1.29E-07
1334.8  1.11E-07
1335    9.77E-08
1335.2  1.30E-07
1335.4  1.24E-07
1335.6  1.37E-07
1335.8  1.51E-07
1336    1.38E-07
1336.2  1.49E-07
1336.4  1.38E-07
1336.6  1.52E-07
1336.8  1.67E-07
1337    1.56E-07
1337.2  1.54E-07
1337.4  1.43E-07
1337.6  1.72E-07
1337.8  1.87E-07
1338    1.86E-07
1338.2  1.69E-07
1338.4  1.67E-07
1338.6  1.75E-07
1338.8  1.67E-07
1339    2.10E-07
1339.2  1.92E-07
1339.4  1.81E-07
1339.6  2.29E-07
1339.8  2.26E-07
1340    2.05E-07
1340.2  2.21E-07
1340.4  2.24E-07
1340.6  2.31E-07
1340.8  2.34E-07
1341    2.47E-07
1341.2  2.31E-07
1341.4  2.38E-07
1341.6  2.39E-07
1341.8  2.52E-07
1342    2.45E-07
1342.2  2.49E-07
1342.4  2.82E-07
1342.6  2.79E-07
1342.8  2.51E-07
1343    3.16E-07
1343.2  2.50E-07
1343.4  2.98E-07
1343.6  2.97E-07
1343.8  3.27E-07
1344    3.43E-07
1344.2  3.23E-07
1344.4  3.20E-07
1344.6  2.90E-07
1344.8  3.48E-07
1345    3.67E-07
1345.2  3.73E-07
1345.4  3.78E-07
1345.6  3.72E-07
1345.8  3.79E-07
1346    3.82E-07
1346.2  3.77E-07
1346.4  4.34E-07
1346.6  3.82E-07
1346.8  4.15E-07
1347    4.23E-07
1347.2  4.46E-07
1347.4  4.26E-07
1347.6  4.18E-07
1347.8  4.57E-07
1348    4.64E-07
1348.2  5.07E-07
1348.4  4.70E-07
1348.6  5.12E-07
1348.8  5.11E-07
1349    4.96E-07
1349.2  5.40E-07
1349.4  5.16E-07
1349.6  5.37E-07
1349.8  5.51E-07
1350    5.36E-07
1350.2  5.99E-07
1350.4  5.75E-07
1350.6  6.10E-07
1350.8  6.37E-07
1351    6.19E-07
1351.2  6.60E-07
1351.4  6.35E-07
1351.6  6.47E-07
1351.8  6.51E-07
1352    6.76E-07
1352.2  7.09E-07
1352.4  6.72E-07
1352.6  7.34E-07
1352.8  7.37E-07
1353    7.55E-07
1353.2  7.71E-07
1353.4  7.71E-07
1353.6  8.29E-07
1353.8  8.09E-07
1354    8.09E-07
1354.2  8.17E-07
1354.4  8.05E-07
1354.6  8.80E-07
1354.8  8.55E-07
1355    8.78E-07
1355.2  8.91E-07
1355.4  8.71E-07
1355.6  9.71E-07
1355.8  9.60E-07
1356    1.01E-06
1356.2  1.03E-06
1356.4  1.01E-06
1356.6  1.07E-06
1356.8  1.05E-06
1357    1.07E-06
1357.2  1.12E-06
1357.4  1.16E-06
1357.6  1.19E-06
1357.8  1.14E-06
1358    1.22E-06
1358.2  1.23E-06
1358.4  1.26E-06
1358.6  1.30E-06
1358.8  1.22E-06
1359    1.32E-06
1359.2  1.30E-06
1359.4  1.32E-06
1359.6  1.44E-06
1359.8  1.48E-06
1360    1.49E-06
1360.2  1.41E-06
1360.4  1.44E-06
1360.6  1.52E-06
1360.8  1.46E-06
1361    1.56E-06
1361.2  1.59E-06
1361.4  1.57E-06
1361.6  1.42E-06
1361.8  1.41E-06
1362    1.54E-06
1362.2  1.56E-06
1362.4  1.68E-06
1362.6  1.90E-06
1362.8  1.96E-06
1363    2.14E-06
1363.2  2.11E-06
1363.4  2.16E-06
1363.6  2.19E-06
1363.8  2.11E-06
1364    2.12E-06
1364.2  2.08E-06
1364.4  2.19E-06
1364.6  2.14E-06
1364.8  2.19E-06
1365    2.43E-06
1365.2  2.44E-06
1365.4  2.52E-06
1365.6  2.69E-06
1365.8  2.80E-06
1366    2.85E-06
1366.2  2.81E-06
1366.4  2.86E-06
1366.6  2.93E-06
1366.8  2.89E-06
1367    2.93E-06
1367.2  2.94E-06
1367.4  3.03E-06
1367.6  3.13E-06
1367.8  3.01E-06
1368    3.24E-06
1368.2  3.36E-06
1368.4  3.48E-06
1368.6  3.59E-06
1368.8  3.75E-06
1369    3.97E-06
1369.2  3.75E-06
1369.4  3.95E-06
1369.6  3.98E-06
1369.8  3.98E-06
1370    4.11E-06
1370.2  4.00E-06
1370.4  4.17E-06
1370.6  4.18E-06
1370.8  4.25E-06
1371    4.47E-06
1371.2  4.79E-06
1371.4  4.85E-06
1371.6  4.89E-06
1371.8  5.02E-06
1372    5.21E-06
1372.2  5.31E-06
1372.4  5.49E-06
1372.6  5.73E-06
1372.8  5.74E-06
1373    5.91E-06
1373.2  6.00E-06
1373.4  6.14E-06
1373.6  6.44E-06
1373.8  6.39E-06
1374    6.64E-06
1374.2  6.38E-06
1374.4  6.63E-06
1374.6  6.86E-06
1374.8  7.02E-06
1375    7.19E-06
1375.2  7.40E-06
1375.4  7.58E-06
1375.6  7.67E-06
1375.8  7.86E-06
1376    7.86E-06
1376.2  7.97E-06
1376.4  7.83E-06
1376.6  8.29E-06
1376.8  8.24E-06
1377    8.61E-06
1377.2  9.14E-06
1377.4  9.24E-06
1377.6  9.67E-06
1377.8  9.25E-06
1378    9.46E-06
1378.2  9.25E-06
1378.4  9.55E-06
1378.6  9.68E-06
1378.8  1.02E-05
1379    1.06E-05
1379.2  1.10E-05
1379.4  1.12E-05
1379.6  1.12E-05
1379.8  1.06E-05
1380    1.00E-05
1380.2  1.02E-05
1380.4  1.01E-05
1380.6  1.04E-05
1380.8  1.14E-05
1381    1.23E-05
1381.2  1.28E-05
1381.4  1.32E-05
1381.6  1.31E-05
1381.8  1.22E-05
1382    1.16E-05
1382.2  1.14E-05
1382.4  1.15E-05
1382.6  1.21E-05
1382.8  1.33E-05
1383    1.42E-05
1383.2  1.48E-05
1383.4  1.54E-05
1383.6  1.58E-05
1383.8  1.64E-05
1384    1.68E-05
1384.2  1.70E-05
1384.4  1.65E-05
1384.6  1.68E-05
1384.8  1.70E-05
1385    1.76E-05
1385.2  1.80E-05
1385.4  1.98E-05
1385.6  1.97E-05
1385.8  2.05E-05
1386    2.09E-05
1386.2  2.11E-05
1386.4  2.19E-05
1386.6  2.21E-05
1386.8  2.32E-05
1387    2.26E-05
1387.2  2.29E-05
1387.4  2.22E-05
1387.6  2.21E-05
1387.8  2.24E-05
1388    2.34E-05
1388.2  2.46E-05
1388.4  2.59E-05
1388.6  2.77E-05
1388.8  2.76E-05
1389    2.83E-05
1389.2  2.81E-05
1389.4  2.89E-05
1389.6  2.93E-05
1389.8  2.95E-05
1390    3.08E-05
1390.2  3.12E-05
1390.4  3.21E-05
1390.6  3.27E-05
1390.8  3.32E-05
1391    3.39E-05
1391.2  3.45E-05
1391.4  3.38E-05
1391.6  3.31E-05
1391.8  3.24E-05
1392    3.25E-05
1392.2  3.35E-05
1392.4  3.48E-05
1392.6  3.73E-05
1392.8  3.98E-05
1393    3.97E-05
1393.2  4.14E-05
1393.4  4.08E-05
1393.6  4.25E-05
1393.8  4.21E-05
1394    4.28E-05
1394.2  4.14E-05
1394.4  4.18E-05
1394.6  4.15E-05
1394.8  4.10E-05
1395    4.14E-05
1395.2  4.48E-05
1395.4  4.67E-05
1395.6  4.39E-05
1395.8  4.60E-05
1396    4.58E-05
1396.2  4.78E-05
1396.4  4.83E-05
1396.6  5.17E-05
1396.8  5.59E-05
1397    5.65E-05
1397.2  5.80E-05
1397.4  5.95E-05
1397.6  6.02E-05
1397.8  6.11E-05
1398    6.26E-05
1398.2  6.25E-05
1398.4  6.53E-05
1398.6  6.42E-05
1398.8  6.27E-05
1399    6.39E-05
1399.2  6.22E-05
1399.4  6.36E-05
1399.6  6.44E-05
1399.8  6.55E-05
1400    6.37E-05
1400.2  6.54E-05
1400.4  6.76E-05
1400.6  6.93E-05
1400.8  7.00E-05
1401    7.78E-05
1401.2  7.72E-05
1401.4  8.06E-05
1401.6  8.43E-05
1401.8  8.57E-05
1402    8.93E-05
1402.2  9.02E-05
1402.4  9.05E-05
1402.6  9.26E-05
1402.8  9.38E-05
1403    9.49E-05
1403.2  9.95E-05
1403.4  9.74E-05
1403.6  1.01E-04
1403.8  1.01E-04
1404    9.96E-05
1404.2  9.59E-05
1404.4  9.28E-05
1404.6  9.73E-05
1404.8  9.94E-05
1405    1.02E-04
1405.2  1.15E-04
1405.4  1.18E-04
1405.6  1.20E-04
1405.8  1.24E-04
1406    1.22E-04
1406.2  1.23E-04
1406.4  1.23E-04
1406.6  1.18E-04
1406.8  1.24E-04
1407    1.24E-04
1407.2  1.30E-04
1407.4  1.37E-04
1407.6  1.38E-04
1407.8  1.46E-04
1408    1.47E-04
1408.2  1.45E-04
1408.4  1.50E-04
1408.6  1.46E-04
1408.8  1.42E-04
1409    1.48E-04
1409.2  1.45E-04
1409.4  1.55E-04
1409.6  1.61E-04
1409.8  1.66E-04
1410    1.75E-04
1410.2  1.74E-04
1410.4  1.79E-04
1410.6  1.84E-04
1410.8  1.81E-04
1411    1.90E-04
1411.2  1.92E-04
1411.4  1.91E-04
1411.6  1.99E-04
1411.8  1.96E-04
1412    1.99E-04
1412.2  2.08E-04
1412.4  2.07E-04
1412.6  2.20E-04
1412.8  2.21E-04
1413    2.20E-04
1413.2  2.30E-04
1413.4  2.19E-04
1413.6  2.21E-04
1413.8  2.29E-04
1414    2.22E-04
1414.2  2.35E-04
1414.4  2.44E-04
1414.6  2.41E-04
1414.8  2.58E-04
1415    2.54E-04
1415.2  2.61E-04
1415.4  2.71E-04
1415.6  2.69E-04
1415.8  2.83E-04
1416    2.86E-04
1416.2  2.83E-04
1416.4  2.97E-04
1416.6  2.93E-04
1416.8  2.92E-04
1417    3.07E-04
1417.2  2.98E-04
1417.4  3.14E-04
1417.6  3.18E-04
1417.8  3.18E-04
1418    3.33E-04
1418.2  3.26E-04
1418.4  3.28E-04
1418.6  3.43E-04
1418.8  3.31E-04
1419    3.44E-04
1419.2  3.57E-04
1419.4  3.47E-04
1419.6  3.77E-04
1419.8  3.73E-04
1420    3.79E-04
1420.2  3.99E-04
1420.4  3.89E-04
1420.6  3.97E-04
1420.8  4.08E-04
1421    3.98E-04
1421.2  4.26E-04
1421.4  4.29E-04
1421.6  4.28E-04
1421.8  4.55E-04
1422    4.37E-04
1422.2  4.47E-04
1422.4  4.58E-04
1422.6  4.44E-04
1422.8  4.71E-04
1423    4.78E-04
1423.2  4.63E-04
1423.4  4.94E-04
1423.6  4.85E-04
1423.8  4.87E-04
1424    5.17E-04
1424.2  5.04E-04
1424.4  5.35E-04
1424.6  5.44E-04
1424.8  5.27E-04
1425    5.57E-04
1425.2  5.51E-04
1425.4  5.48E-04
1425.6  5.83E-04
1425.8  5.71E-04
1426    5.91E-04
1426.2  6.14E-04
1426.4  5.89E-04
1426.6  6.19E-04
1426.8  6.25E-04
1427    6.12E-04
1427.2  6.55E-04
1427.4  6.38E-04
1427.6  6.40E-04
1427.8  6.72E-04
1428    6.47E-04
1428.2  6.76E-04
1428.4  7.00E-04
1428.6  6.78E-04
1428.8  7.26E-04
1429    7.19E-04
1429.2  7.08E-04
1429.4  7.47E-04
1429.6  7.29E-04
1429.8  7.47E-04
1430    7.96E-04
1430.2  7.59E-04
1430.4  7.96E-04
1430.6  8.01E-04
1430.8  7.69E-04
1431    8.13E-04
1431.2  7.99E-04
1431.4  8.12E-04
1431.6  8.59E-04
1431.8  8.33E-04
1432    8.49E-04
1432.2  8.93E-04
1432.4  8.48E-04
1432.6  9.16E-04
1432.8  9.21E-04
1433    9.04E-04
1433.2  9.64E-04
1433.4  9.46E-04
1433.6  9.23E-04
1433.8  9.85E-04
1434    9.48E-04
1434.2  9.76E-04
1434.4  1.03E-03
1434.6  9.87E-04
1434.8  1.05E-03
1435    1.05E-03
1435.2  1.03E-03
1435.4  1.10E-03
1435.6  1.09E-03
1435.8  1.08E-03
1436    1.15E-03
1436.2  1.10E-03
1436.4  1.13E-03
1436.6  1.18E-03
1436.8  1.12E-03
1437    1.19E-03
1437.2  1.19E-03
1437.4  1.16E-03
1437.6  1.23E-03
1437.8  1.23E-03
1438    1.22E-03
1438.2  1.32E-03
1438.4  1.27E-03
1438.6  1.31E-03
1438.8  1.36E-03
1439    1.28E-03
1439.2  1.36E-03
1439.4  1.38E-03
1439.6  1.34E-03
1439.8  1.43E-03
1440    1.44E-03
1440.2  1.39E-03
1440.4  1.52E-03
1440.6  1.43E-03
1440.8  1.46E-03
1441    1.53E-03
1441.2  1.48E-03
1441.4  1.52E-03
1441.6  1.60E-03
1441.8  1.51E-03
1442    1.62E-03
1442.2  1.62E-03
1442.4  1.57E-03
1442.6  1.72E-03
1442.8  1.65E-03
1443    1.66E-03
1443.2  1.76E-03
1443.4  1.69E-03
1443.6  1.71E-03
1443.8  1.84E-03
1444    1.73E-03
1444.2  1.87E-03
1444.4  1.89E-03
1444.6  1.80E-03
1444.8  1.88E-03
1445    1.85E-03
1445.2  1.79E-03
1445.4  1.97E-03
1445.6  1.92E-03
1445.8  1.96E-03
1446    2.11E-03
1446.2  1.99E-03
1446.4  2.05E-03
1446.6  2.14E-03
1446.8  2.02E-03
1447    2.16E-03
1447.2  2.21E-03
1447.4  2.12E-03
1447.6  2.28E-03
1447.8  2.26E-03
1448    2.18E-03
1448.2  2.38E-03
1448.4  2.28E-03
1448.6  2.30E-03
1448.8  2.47E-03
1449    2.35E-03
1449.2  2.42E-03
1449.4  2.54E-03
1449.6  2.39E-03
1449.8  2.48E-03
1450    2.52E-03
1450.2  2.39E-03
1450.4  2.58E-03
1450.6  2.58E-03
1450.8  2.57E-03
1451    2.77E-03
1451.2  2.71E-03
1451.4  2.65E-03
1451.6  2.89E-03
1451.8  2.71E-03
1452    2.81E-03
1452.2  2.96E-03
1452.4  2.84E-03
1452.6  2.94E-03
1452.8  3.06E-03
1453    2.84E-03
1453.2  3.08E-03
1453.4  3.10E-03
1453.6  2.99E-03
1453.8  3.23E-03
1454    3.19E-03
1454.2  3.10E-03
1454.4  3.34E-03
1454.6  3.18E-03
1454.8  3.20E-03
1455    3.43E-03
1455.2  3.26E-03
1455.4  3.38E-03
1455.6  3.60E-03
1455.8  3.35E-03
1456    3.55E-03
1456.2  3.65E-03
1456.4  3.47E-03
1456.6  3.71E-03
1456.8  3.73E-03
1457    3.54E-03
1457.2  3.86E-03
1457.4  3.78E-03
1457.6  3.71E-03
1457.8  4.00E-03
1458    3.84E-03
1458.2  3.81E-03
1458.4  4.12E-03
1458.6  3.92E-03
1458.8  4.02E-03
1459    4.24E-03
1459.2  3.96E-03
1459.4  4.18E-03
1459.6  4.24E-03
1459.8  4.05E-03
1460    4.29E-03
1460.2  4.40E-03
1460.4  4.16E-03
1460.6  4.55E-03
1460.8  4.42E-03
1461    4.29E-03
1461.2  4.61E-03
1461.4  4.52E-03
1461.6  4.45E-03
1461.8  4.85E-03
1462    4.58E-03
1462.2  4.62E-03
1462.4  4.88E-03
1462.6  4.57E-03
1462.8  4.74E-03
1463    4.98E-03
1463.2  4.74E-03
1463.4  4.94E-03
1463.6  5.17E-03
1463.8  4.77E-03
1464    5.16E-03
1464.2  5.13E-03
1464.4  4.97E-03
1464.6  5.24E-03
1464.8  5.26E-03
1465    4.96E-03
1465.2  5.46E-03
1465.4  5.24E-03
1465.6  5.26E-03
1465.8  5.53E-03
1466    5.35E-03
1466.2  5.28E-03
1466.4  5.68E-03
1466.6  5.32E-03
1466.8  5.46E-03
1467    5.74E-03
1467.2  5.41E-03
1467.4  5.61E-03
1467.6  5.84E-03
1467.8  5.47E-03
1468    5.78E-03
1468.2  5.90E-03
1468.4  5.55E-03
1468.6  5.93E-03
1468.8  5.92E-03
1469    5.60E-03
1469.2  6.04E-03
1469.4  5.98E-03
1469.6  5.70E-03
1469.8  6.21E-03
1470    5.95E-03
1470.2  5.80E-03
1470.4  6.17E-03
1470.6  5.98E-03
1470.8  5.91E-03
1471    6.38E-03
1471.2  6.02E-03
1471.4  6.09E-03
1471.6  6.35E-03
1471.8  6.00E-03
1472    6.11E-03
1472.2  6.49E-03
1472.4  6.08E-03
1472.6  6.37E-03
1472.8  6.56E-03
1473    6.14E-03
1473.2  6.45E-03
1473.4  6.63E-03
1473.6  6.25E-03
1473.8  6.69E-03
1474    6.70E-03
1474.2  6.35E-03
1474.4  6.75E-03
1474.6  6.72E-03
1474.8  6.39E-03
1475    6.92E-03
1475.2  6.74E-03
1475.4  6.54E-03
1475.6  6.99E-03
1475.8  6.76E-03
1476    6.58E-03
1476.2  7.12E-03
1476.4  6.74E-03
1476.6  6.68E-03
1476.8  7.11E-03
1477    6.74E-03
1477.2  6.71E-03
1477.4  7.16E-03
1477.6  6.76E-03
1477.8  6.87E-03
1478    7.28E-03
1478.2  6.82E-03
1478.4  6.99E-03
1478.6  7.31E-03
1478.8  6.81E-03
1479    7.10E-03
1479.2  7.38E-03
1479.4  6.87E-03
1479.6  7.16E-03
1479.8  7.30E-03
1480    6.86E-03
1480.2  7.25E-03
1480.4  7.41E-03
1480.6  6.98E-03
1480.8  7.41E-03
1481    7.39E-03
1481.2  6.96E-03
1481.4  7.51E-03
1481.6  7.45E-03
1481.8  7.12E-03
1482    7.55E-03
1482.2  7.42E-03
1482.4  7.08E-03
1482.6  7.64E-03
1482.8  7.51E-03
1483    7.29E-03
1483.2  7.81E-03
1483.4  7.52E-03
1483.6  7.23E-03
1483.8  7.71E-03
1484    7.40E-03
1484.2  7.34E-03
1484.4  7.88E-03
1484.6  7.57E-03
1484.8  7.41E-03
1485    7.89E-03
1485.2  7.38E-03
1485.4  7.41E-03
1485.6  7.85E-03
1485.8  7.49E-03
1486    7.45E-03
1486.2  7.91E-03
1486.4  7.34E-03
1486.6  7.44E-03
1486.8  7.81E-03
1487    7.38E-03
1487.2  7.47E-03
1487.4  7.86E-03
1487.6  7.31E-03
1487.8  7.50E-03
1488    7.75E-03
1488.2  7.30E-03
1488.4  7.45E-03
1488.6  7.77E-03
1488.8  7.16E-03
1489    7.45E-03
1489.2  7.62E-03
1489.4  7.13E-03
1489.6  7.38E-03
1489.8  7.64E-03
1490    7.05E-03
1490.2  7.39E-03
1490.4  7.54E-03
1490.6  7.08E-03
1490.8  7.38E-03
1491    7.58E-03
1491.2  7.06E-03
1491.4  7.38E-03
1491.6  7.39E-03
1491.8  6.94E-03
1492    7.28E-03
1492.2  7.45E-03
1492.4  6.95E-03
1492.6  7.36E-03
1492.8  7.33E-03
1493    6.84E-03
1493.2  7.22E-03
1493.4  7.27E-03
1493.6  6.86E-03
1493.8  7.23E-03
1494    7.23E-03
1494.2  6.74E-03
1494.4  7.11E-03
1494.6  7.06E-03
1494.8  6.67E-03
1495    7.06E-03
1495.2  7.01E-03
1495.4  6.57E-03
1495.6  6.92E-03
1495.8  6.85E-03
1496    6.45E-03
1496.2  6.83E-03
1496.4  6.80E-03
1496.6  6.37E-03
1496.8  6.77E-03
1497    6.63E-03
1497.2  6.25E-03
1497.4  6.59E-03
1497.6  6.52E-03
1497.8  6.12E-03
1498    6.45E-03
1498.2  6.37E-03
1498.4  6.00E-03
1498.6  6.37E-03
1498.8  6.28E-03
1499    5.89E-03
1499.2  6.21E-03
1499.4  6.10E-03
1499.6  5.72E-03
1499.8  6.07E-03
1500    5.99E-03
1500.2  5.65E-03
1500.4  5.93E-03
1500.6  5.84E-03
1500.8  5.48E-03
1501    5.78E-03
1501.2  5.70E-03
1501.4  5.38E-03
1501.6  5.64E-03
1501.8  5.56E-03
1502    5.19E-03
1502.2  5.46E-03
1502.4  5.41E-03
1502.6  5.07E-03
1502.8  5.37E-03
1503    5.28E-03
1503.2  4.91E-03
1503.4  5.11E-03
1503.6  5.08E-03
1503.8  4.76E-03
1504    4.97E-03
1504.2  4.93E-03
1504.4  4.59E-03
1504.6  4.72E-03
1504.8  4.71E-03
1505    4.38E-03
1505.2  4.59E-03
1505.4  4.55E-03
1505.6  4.24E-03
1505.8  4.35E-03
1506    4.34E-03
1506.2  4.01E-03
1506.4  4.14E-03
1506.6  4.17E-03
1506.8  3.86E-03
1507    3.95E-03
1507.2  3.95E-03
1507.4  3.65E-03
1507.6  3.73E-03
1507.8  3.76E-03
1508    3.49E-03
1508.2  3.55E-03
1508.4  3.57E-03
1508.6  3.28E-03
1508.8  3.33E-03
1509    3.39E-03
1509.2  3.13E-03
1509.4  3.15E-03
1509.6  3.20E-03
1509.8  2.96E-03
1510    2.97E-03
1510.2  3.04E-03
1510.4  2.83E-03
1510.6  2.81E-03
1510.8  2.91E-03
1511    2.70E-03
1511.2  2.68E-03
1511.4  2.78E-03
1511.6  2.61E-03
1511.8  2.57E-03
1512    2.68E-03
1512.2  2.51E-03
1512.4  2.46E-03
1512.6  2.57E-03
1512.8  2.43E-03
1513    2.39E-03
1513.2  2.52E-03
1513.4  2.40E-03
1513.6  2.33E-03
1513.8  2.44E-03
1514    2.35E-03
1514.2  2.26E-03
1514.4  2.39E-03
1514.6  2.30E-03
1514.8  2.20E-03
1515    2.30E-03
1515.2  2.23E-03
1515.4  2.11E-03
1515.6  2.23E-03
1515.8  2.15E-03
1516    2.03E-03
1516.2  2.11E-03
1516.4  2.06E-03
1516.6  1.93E-03
1516.8  2.00E-03
1517    1.99E-03
1517.2  1.87E-03
1517.4  1.95E-03
1517.6  1.95E-03
1517.8  1.85E-03
1518    1.92E-03
1518.2  1.99E-03
1518.4  1.90E-03
1518.6  2.00E-03
1518.8  2.12E-03
1519    2.05E-03
1519.2  2.16E-03
1519.4  2.33E-03
1519.6  2.29E-03
1519.8  2.42E-03
1520    2.66E-03
1520.2  2.66E-03
1520.4  2.80E-03
1520.6  3.08E-03
1520.8  3.11E-03
1521    3.26E-03
1521.2  3.59E-03
1521.4  3.64E-03
1521.6  3.76E-03
1521.8  4.15E-03
1522    4.23E-03
1522.2  4.30E-03
1522.4  4.75E-03
1522.6  4.86E-03
1522.8  4.86E-03
1523    5.29E-03
1523.2  5.38E-03
1523.4  5.31E-03
1523.6  5.77E-03
1523.8  5.89E-03
1524    5.70E-03
1524.2  6.03E-03
1524.4  6.19E-03
1524.6  5.94E-03
1524.8  6.22E-03
1525    6.38E-03
1525.2  6.11E-03
1525.4  6.23E-03
1525.6  6.40E-03
1525.8  6.09E-03
1526    6.17E-03
1526.2  6.38E-03
1526.4  6.06E-03
1526.6  6.04E-03
1526.8  6.22E-03
1527    5.90E-03
1527.2  5.80E-03
1527.4  6.08E-03
1527.6  5.82E-03
1527.8  5.67E-03
1528    5.89E-03
1528.2  5.68E-03
1528.4  5.50E-03
1528.6  5.80E-03
1528.8  5.73E-03
1529    5.53E-03
1529.2  5.77E-03
1529.4  5.75E-03
1529.6  5.49E-03
1529.8  5.72E-03
1530    5.83E-03
1530.2  5.61E-03
1530.4  5.82E-03
1530.6  6.05E-03
1530.8  5.85E-03
1531    6.03E-03
1531.2  6.37E-03
1531.4  6.21E-03
1531.6  6.34E-03
1531.8  6.79E-03
1532    6.73E-03
1532.2  6.88E-03
1532.4  7.43E-03
1532.6  7.41E-03
1532.8  7.40E-03
1533    7.89E-03
1533.2  7.83E-03
1533.4  7.75E-03
1533.6  8.43E-03
1533.8  8.76E-03
1534    8.81E-03
1534.2  9.48E-03
1534.4  9.81E-03
1534.6  9.46E-03
1534.8  9.48E-03
1535    9.08E-03
1535.2  7.97E-03
1535.4  7.31E-03
1535.6  6.18E-03
1535.8  4.81E-03
1536    3.97E-03
1536.2  3.38E-03
1536.4  2.81E-03
1536.6  2.51E-03
1536.8  2.35E-03
1537    2.11E-03
1537.2  2.03E-03
1537.4  2.12E-03
1537.6  2.26E-03
1537.8  2.44E-03
1538    2.94E-03
1538.2  3.58E-03
1538.4  4.06E-03
1538.6  5.02E-03
1538.8  6.23E-03
1539    7.20E-03
1539.2  8.81E-03
1539.4  1.07E-02
1539.6  1.20E-02
1539.8  1.36E-02
1540    1.63E-02
1540.2  1.84E-02
1540.4  2.07E-02
1540.6  2.48E-02
1540.8  2.74E-02
1541    3.00E-02
1541.2  3.42E-02
1541.4  3.64E-02
1541.6  3.78E-02
1541.8  4.11E-02
1542    4.33E-02
1542.2  4.29E-02
1542.4  4.46E-02
1542.6  4.47E-02
1542.8  4.16E-02
1543    4.12E-02
1543.2  4.07E-02
1543.4  3.76E-02
1543.6  3.63E-02
1543.8  3.47E-02
1544    3.05E-02
1544.2  2.81E-02
1544.4  2.67E-02
1544.6  2.40E-02
1544.8  2.18E-02
1545    2.09E-02
1545.2  1.83E-02
1545.4  1.58E-02
1545.6  1.46E-02
1545.8  1.28E-02
1546    1.13E-02
1546.2  1.06E-02
1546.4  9.73E-03
1546.6  8.49E-03
1546.8  7.63E-03
1547    6.68E-03
1547.2  5.41E-03
1547.4  4.57E-03
1547.6  3.70E-03
1547.8  2.52E-03
1548    1.77E-03
1548.2  1.49E-03
1548.4  1.32E-03
1548.6  1.28E-03
1548.8  1.24E-03
1549    1.09E-03
1549.2  9.89E-04
1549.4  9.14E-04
1549.6  8.75E-04
1549.8  8.84E-04
1550    1.01E-03
1550.2  1.39E-03
1550.4  1.68E-03
1550.6  1.92E-03
1550.8  2.26E-03
1551    2.40E-03
1551.2  2.54E-03
1551.4  2.71E-03
1551.6  2.64E-03
1551.8  2.55E-03
1552    2.58E-03
1552.2  2.69E-03
1552.4  2.82E-03
1552.6  3.11E-03
1552.8  3.39E-03
1553    3.48E-03
1553.2  3.54E-03
1553.4  3.60E-03
1553.6  3.48E-03
1553.8  3.46E-03
1554    3.49E-03
1554.2  3.55E-03
1554.4  3.54E-03
1554.6  3.70E-03
1554.8  3.83E-03
1555    3.86E-03
1555.2  4.11E-03
1555.4  4.55E-03
1555.6  4.69E-03
1555.8  4.84E-03
1556    5.01E-03
1556.2  5.05E-03
1556.4  5.24E-03
1556.6  5.55E-03
1556.8  5.90E-03
1557    6.00E-03
1557.2  6.52E-03
1557.4  6.88E-03
1557.6  7.00E-03
1557.8  7.51E-03
1558    8.38E-03
1558.2  8.92E-03
1558.4  9.67E-03
1558.6  1.07E-02
1558.8  1.12E-02
1559    1.15E-02
1559.2  1.22E-02
1559.4  1.25E-02
1559.6  1.29E-02
1559.8  1.39E-02
1560    1.46E-02
1560.2  1.46E-02
1560.4  1.53E-02
1560.6  1.59E-02
1560.8  1.60E-02
1561    1.64E-02
1561.2  1.71E-02
1561.4  1.69E-02
1561.6  1.72E-02
1561.8  1.76E-02
1562    1.75E-02
1562.2  1.75E-02
1562.4  1.78E-02
1562.6  1.77E-02
1562.8  1.72E-02
1563    1.71E-02
1563.2  1.69E-02
1563.4  1.61E-02
1563.6  1.58E-02
1563.8  1.58E-02
1564    1.54E-02
1564.2  1.51E-02
1564.4  1.50E-02
1564.6  1.43E-02
1564.8  1.36E-02
1565    1.31E-02
1565.2  1.23E-02
1565.4  1.14E-02
1565.6  1.08E-02
1565.8  9.73E-03
1566    8.57E-03
1566.2  7.88E-03
1566.4  7.35E-03
1566.6  6.91E-03
1566.8  6.56E-03
1567    6.29E-03
1567.2  5.83E-03
1567.4  5.36E-03
1567.6  4.82E-03
1567.8  3.98E-03
1568    3.45E-03
1568.2  3.10E-03
1568.4  2.78E-03
1568.6  2.54E-03
1568.8  2.36E-03
1569    2.21E-03
1569.2  2.07E-03
1569.4  1.98E-03
1569.6  1.95E-03
1569.8  1.79E-03
1570    1.72E-03
1570.2  1.62E-03
1570.4  1.55E-03
1570.6  1.54E-03
1570.8  1.54E-03
1571    1.61E-03
1571.2  1.57E-03
1571.4  1.52E-03
1571.6  1.42E-03
1571.8  1.30E-03
1572    1.21E-03
1572.2  1.14E-03
1572.4  1.12E-03
1572.6  1.10E-03
1572.8  1.13E-03
1573    1.22E-03
1573.2  1.35E-03
1573.4  1.54E-03
1573.6  1.82E-03
1573.8  2.20E-03
1574    2.48E-03
1574.2  2.77E-03
1574.4  3.20E-03
1574.6  3.56E-03
1574.8  3.92E-03
1575    4.30E-03
1575.2  4.68E-03
1575.4  4.80E-03
1575.6  4.90E-03
1575.8  4.83E-03
1576    4.75E-03
1576.2  4.50E-03
1576.4  4.15E-03
1576.6  3.83E-03
1576.8  3.52E-03
1577    3.09E-03
1577.2  2.70E-03
1577.4  2.38E-03
1577.6  2.00E-03
1577.8  1.71E-03
1578    1.55E-03
1578.2  1.48E-03
1578.4  1.49E-03
1578.6  1.66E-03
1578.8  1.95E-03
1579    2.50E-03
1579.2  3.11E-03
1579.4  3.65E-03
1579.6  4.35E-03
1579.8  5.23E-03
1580    5.85E-03
1580.2  6.30E-03
1580.4  6.78E-03
1580.6  7.30E-03
1580.8  7.50E-03
1581    7.80E-03
1581.2  8.05E-03
1581.4  8.19E-03
1581.6  8.10E-03
1581.8  8.12E-03
1582    8.02E-03
1582.2  7.82E-03
1582.4  7.67E-03
1582.6  7.76E-03
1582.8  7.61E-03
1583    7.47E-03
1583.2  7.47E-03
1583.4  7.40E-03
1583.6  7.13E-03
1583.8  7.01E-03
1584    6.95E-03
1584.2  6.60E-03
1584.4  6.20E-03
1584.6  6.00E-03
1584.8  5.69E-03
1585    5.27E-03
1585.2  5.04E-03
1585.4  4.85E-03
1585.6  4.52E-03
1585.8  4.31E-03
1586    4.18E-03
1586.2  3.87E-03
1586.4  3.62E-03
1586.6  3.52E-03
1586.8  3.39E-03
1587    3.15E-03
1587.2  3.07E-03
1587.4  3.00E-03
1587.6  2.83E-03
1587.8  2.73E-03
1588    2.72E-03
1588.2  2.60E-03
1588.4  2.44E-03
1588.6  2.37E-03
1588.8  2.27E-03
1589    2.07E-03
1589.2  1.97E-03
1589.4  1.93E-03
1589.6  1.81E-03
1589.8  1.76E-03
1590    1.77E-03
1590.2  1.73E-03
1590.4  1.68E-03
1590.6  1.73E-03
1590.8  1.76E-03
1591    1.72E-03
1591.2  1.77E-03
1591.4  1.84E-03
1591.6  1.82E-03
1591.8  1.85E-03
1592    1.97E-03
1592.2  2.01E-03
1592.4  2.04E-03
1592.6  2.19E-03
1592.8  2.31E-03
1593    2.33E-03
1593.2  2.47E-03
1593.4  2.67E-03
1593.6  2.73E-03
1593.8  2.83E-03
1594    3.09E-03
1594.2  3.22E-03
1594.4  3.26E-03
1594.6  3.52E-03
1594.8  3.75E-03
1595    3.78E-03
1595.2  3.92E-03
1595.4  4.25E-03
1595.6  4.32E-03
1595.8  4.31E-03
1596    4.61E-03
1596.2  4.78E-03
1596.4  4.67E-03
1596.6  4.80E-03
1596.8  5.04E-03
1597    4.96E-03
1597.2  4.88E-03
1597.4  5.14E-03
1597.6  5.19E-03
1597.8  4.98E-03
1598    5.15E-03
1598.2  5.36E-03
1598.4  5.20E-03
1598.6  5.22E-03
1598.8  5.53E-03
1599    5.55E-03
1599.2  5.42E-03
1599.4  5.73E-03
1599.6  5.97E-03
1599.8  5.78E-03
1600    5.93E-03
1600.2  6.32E-03
1600.4  6.25E-03
1600.6  6.16E-03
1600.8  6.56E-03
1601    6.72E-03
1601.2  6.46E-03
1601.4  6.67E-03
1601.6  7.06E-03
1601.8  6.86E-03
1602    6.81E-03
1602.2  7.25E-03
1602.4  7.31E-03
1602.6  7.03E-03
1602.8  7.36E-03
1603    7.72E-03
1603.2  7.42E-03
1603.4  7.45E-03
1603.6  7.96E-03
1603.8  7.92E-03
1604    7.65E-03
1604.2  8.07E-03
1604.4  8.38E-03
1604.6  7.98E-03
1604.8  8.09E-03
1605    8.67E-03
1605.2  8.48E-03
1605.4  8.21E-03
1605.6  8.73E-03
1605.8  8.95E-03
1606    8.49E-03
1606.2  8.69E-03
1606.4  9.26E-03
1606.6  8.94E-03
1606.8  8.70E-03
1607    9.31E-03
1607.2  9.42E-03
1607.4  8.90E-03
1607.6  9.20E-03
1607.8  9.72E-03
1608    9.29E-03
1608.2  9.09E-03
1608.4  9.76E-03
1608.6  9.77E-03
1608.8  9.18E-03
1609    9.60E-03
1609.2  1.01E-02
1609.4  9.54E-03
1609.6  9.40E-03
1609.8  1.01E-02
1610    9.96E-03
1610.2  9.34E-03
1610.4  9.82E-03
1610.6  1.02E-02
1610.8  9.58E-03
1611    9.52E-03
1611.2  1.02E-02
1611.4  9.98E-03
1611.6  9.38E-03
1611.8  9.92E-03
1612    1.03E-02
1612.2  9.56E-03
1612.4  9.57E-03
1612.6  1.03E-02
1612.8  9.99E-03
1613    9.37E-03
1613.2  9.96E-03
1613.4  1.03E-02
1613.6  9.50E-03
1613.8  9.59E-03
1614    1.03E-02
1614.2  9.87E-03
1614.4  9.30E-03
1614.6  9.93E-03
1614.8  1.02E-02
1615    9.39E-03
1615.2  9.49E-03
1615.4  1.02E-02
1615.6  9.78E-03
1615.8  9.20E-03
1616    9.88E-03
1616.2  1.01E-02
1616.4  9.25E-03
1616.6  9.42E-03
1616.8  1.01E-02
1617    9.65E-03
1617.2  9.09E-03
1617.4  9.77E-03
1617.6  1.00E-02
1617.8  9.14E-03
1618    9.32E-03
1618.2  1.01E-02
1618.4  9.53E-03
1618.6  9.01E-03
1618.8  9.70E-03
1619    9.92E-03
1619.2  9.06E-03
1619.4  9.21E-03
1619.6  9.95E-03
1619.8  9.48E-03
1620    8.88E-03
1620.2  9.61E-03
1620.4  9.86E-03
1620.6  8.94E-03
1620.8  9.11E-03
1621    9.86E-03
1621.2  9.40E-03
1621.4  8.77E-03
1621.6  9.48E-03
1621.8  9.79E-03
1622    8.83E-03
1622.2  8.96E-03
1622.4  9.75E-03
1622.6  9.26E-03
1622.8  8.64E-03
1623    9.30E-03
1623.2  9.63E-03
1623.4  8.75E-03
1623.6  8.75E-03
1623.8  9.59E-03
1624    9.18E-03
1624.2  8.42E-03
1624.4  9.13E-03
1624.6  9.50E-03
1624.8  8.59E-03
1625    8.55E-03
1625.2  9.37E-03
1625.4  9.07E-03
1625.6  8.25E-03
1625.8  8.88E-03
1626    9.36E-03
1626.2  8.43E-03
1626.4  8.31E-03
1626.6  9.15E-03
1626.8  8.92E-03
1627    8.06E-03
1627.2  8.58E-03
1627.4  9.14E-03
1627.6  8.29E-03
1627.8  8.01E-03
1628    8.87E-03
1628.2  8.72E-03
1628.4  7.82E-03
1628.6  8.26E-03
1628.8  8.87E-03
1629    8.12E-03
1629.2  7.69E-03
1629.4  8.49E-03
1629.6  8.54E-03
1629.8  7.58E-03
1630    7.86E-03
1630.2  8.56E-03
1630.4  7.93E-03
1630.6  7.36E-03
1630.8  8.11E-03
1631    8.28E-03
1631.2  7.34E-03
1631.4  7.43E-03
1631.6  8.19E-03
1631.8  7.71E-03
1632    7.00E-03
1632.2  7.67E-03
1632.4  7.98E-03
1632.6  7.07E-03
1632.8  7.01E-03
1633    7.80E-03
1633.2  7.50E-03
1633.4  6.66E-03
1633.6  7.19E-03
1633.8  7.67E-03
1634    6.86E-03
1634.2  6.58E-03
1634.4  7.34E-03
1634.6  7.22E-03
1634.8  6.35E-03
1635    6.74E-03
1635.2  7.30E-03
1635.4  6.63E-03
1635.6  6.17E-03
1635.8  6.87E-03
1636    6.99E-03
1636.2  6.09E-03
1636.4  6.23E-03
1636.6  6.90E-03
1636.8  6.41E-03
1637    5.80E-03
1637.2  6.41E-03
1637.4  6.70E-03
1637.6  5.84E-03
1637.8  5.76E-03
1638    6.47E-03
1638.2  6.22E-03
1638.4  5.46E-03
1638.6  5.89E-03
1638.8  6.35E-03
1639    5.64E-03
1639.2  5.34E-03
1639.4  6.00E-03
1639.6  5.98E-03
1639.8  5.20E-03
1640    5.39E-03
1640.2  5.97E-03
1640.4  5.48E-03
1640.6  4.92E-03
1640.8  5.52E-03
1641    5.72E-03
1641.2  4.95E-03
1641.4  4.94E-03
1641.6  5.54E-03
1641.8  5.28E-03
1642    4.62E-03
1642.2  5.02E-03
1642.4  5.40E-03
1642.6  4.77E-03
1642.8  4.48E-03
1643    5.09E-03
1643.2  5.07E-03
1643.4  4.33E-03
1643.6  4.53E-03
1643.8  5.04E-03
1644    4.59E-03
1644.2  4.11E-03
1644.4  4.60E-03
1644.6  4.81E-03
1644.8  4.16E-03
1645    4.08E-03
1645.2  4.62E-03
1645.4  4.45E-03
1645.6  3.82E-03
1645.8  4.14E-03
1646    4.53E-03
1646.2  3.99E-03
1646.4  3.70E-03
1646.6  4.20E-03
1646.8  4.26E-03
1647    3.64E-03
1647.2  3.71E-03
1647.4  4.19E-03
1647.6  3.88E-03
1647.8  3.39E-03
1648    3.78E-03
1648.2  4.04E-03
1648.4  3.49E-03
1648.6  3.31E-03
1648.8  3.81E-03
1649    3.75E-03
1649.2  3.18E-03
1649.4  3.35E-03
1649.6  3.74E-03
1649.8  3.38E-03
1650    3.00E-03
1650.2  3.39E-03
1650.4  3.55E-03
1650.6  3.01E-03
1650.8  2.95E-03
1651    3.39E-03
1651.2  3.26E-03
1651.4  2.76E-03
1651.6  2.97E-03
1651.8  3.28E-03
1652    2.92E-03
1652.2  2.63E-03
1652.4  2.99E-03
1652.6  3.09E-03
1652.8  2.61E-03
1653    2.59E-03
1653.2  3.00E-03
1653.4  2.83E-03
1653.6  2.39E-03
1653.8  2.63E-03
1654    2.88E-03
1654.2  2.52E-03
1654.4  2.29E-03
1654.6  2.62E-03
1654.8  2.69E-03
1655    2.26E-03
1655.2  2.26E-03
1655.4  2.60E-03
1655.6  2.44E-03
1655.8  2.06E-03
1656    2.28E-03
1656.2  2.50E-03
1656.4  2.15E-03
1656.6  1.96E-03
1656.8  2.28E-03
1657    2.32E-03
1657.2  1.94E-03
1657.4  1.95E-03
1657.6  2.24E-03
1657.8  2.10E-03
1658    1.79E-03
1658.2  1.96E-03
1658.4  2.16E-03
1658.6  1.87E-03
1658.8  1.69E-03
1659    1.97E-03
1659.2  2.02E-03
1659.4  1.67E-03
1659.6  1.66E-03
1659.8  1.94E-03
1660    1.82E-03
1660.2  1.52E-03
1660.4  1.66E-03
1660.6  1.85E-03
1660.8  1.61E-03
1661    1.44E-03
1661.2  1.67E-03
1661.4  1.73E-03
1661.6  1.43E-03
1661.8  1.41E-03
1662    1.65E-03
1662.2  1.57E-03
1662.4  1.30E-03
1662.6  1.41E-03
1662.8  1.59E-03
1663    1.40E-03
1663.2  1.22E-03
1663.4  1.41E-03
1663.6  1.49E-03
1663.8  1.24E-03
1664    1.18E-03
1664.2  1.39E-03
1664.4  1.35E-03
1664.6  1.10E-03
1664.8  1.16E-03
1665    1.34E-03
1665.2  1.20E-03
1665.4  1.02E-03
1665.6  1.17E-03
1665.8  1.27E-03
1666    1.06E-03
1666.2  9.75E-04
1666.4  1.16E-03
1666.6  1.16E-03
1666.8  9.49E-04
1667    9.63E-04
1667.2  1.13E-03
1667.4  1.05E-03
1667.6  8.67E-04
1667.8  9.61E-04
1668    1.07E-03
1668.2  9.22E-04
1668.4  8.09E-04
1668.6  9.46E-04
1668.8  9.94E-04
1669    8.14E-04
1669.2  7.79E-04
1669.4  9.33E-04
1669.6  9.02E-04
1669.8  7.35E-04
1670    7.76E-04
1670.2  8.96E-04
1670.4  8.04E-04
1670.6  6.76E-04
1670.8  7.73E-04
1671    8.45E-04
1671.2  7.10E-04
1671.4  6.43E-04
1671.6  7.66E-04
1671.8  7.80E-04
1672    6.29E-04
1672.2  6.22E-04
1672.4  7.41E-04
1672.6  6.99E-04
1672.8  5.66E-04
1673    6.14E-04
1673.2  7.09E-04
1673.4  6.20E-04
1673.6  5.27E-04
1673.8  6.16E-04
1674    6.65E-04
1674.2  5.47E-04
1674.4  5.03E-04
1674.6  6.03E-04
1674.8  6.06E-04
1675    4.86E-04
1675.2  4.90E-04
1675.4  5.84E-04
1675.6  5.43E-04
1675.8  4.42E-04
1676    4.84E-04
1676.2  5.56E-04
1676.4  4.83E-04
1676.6  4.09E-04
1676.8  4.79E-04
1677    5.18E-04
1677.2  4.27E-04
1677.4  3.91E-04
1677.6  4.68E-04
1677.8  4.76E-04
1678    3.79E-04
1678.2  3.79E-04
1678.4  4.54E-04
1678.6  4.26E-04
1678.8  3.41E-04
1679    3.71E-04
1679.2  4.33E-04
1679.4  3.79E-04
1679.6  3.14E-04
1679.8  3.66E-04
1680    4.07E-04
1680.2  3.35E-04
1680.4  2.97E-04
1680.6  3.58E-04
1680.8  3.69E-04
1681    2.93E-04
1681.2  2.85E-04
1681.4  3.45E-04
1681.6  3.31E-04
1681.8  2.63E-04
1682    2.78E-04
1682.2  3.32E-04
1682.4  2.95E-04
1682.6  2.40E-04
1682.8  2.73E-04
1683    3.09E-04
1683.2  2.59E-04
1683.4  2.22E-04
1683.6  2.67E-04
1683.8  2.85E-04
1684    2.29E-04
1684.2  2.11E-04
1684.4  2.58E-04
1684.6  2.58E-04
1684.8  2.04E-04
1685    2.03E-04
1685.2  2.48E-04
1685.4  2.31E-04
1685.6  1.82E-04
1685.8  1.98E-04
1686    2.34E-04
1686.2  2.04E-04
1686.4  1.67E-04
1686.6  1.92E-04
1686.8  2.17E-04
1687    1.79E-04
1687.2  1.54E-04
1687.4  1.87E-04
1687.6  1.99E-04
1687.8  1.59E-04
1688    1.47E-04
1688.2  1.81E-04
1688.4  1.81E-04
1688.6  1.40E-04
1688.8  1.40E-04
1689    1.71E-04
1689.2  1.61E-04
1689.4  1.26E-04
1689.6  1.35E-04
1689.8  1.62E-04
1690    1.43E-04
1690.2  1.15E-04
1690.4  1.33E-04
1690.6  1.52E-04
1690.8  1.26E-04
1691    1.07E-04
1691.2  1.28E-04
1691.4  1.37E-04
1691.6  1.10E-04
1691.8  9.93E-05
1692    1.23E-04
1692.2  1.25E-04
1692.4  9.79E-05
1692.6  9.56E-05
1692.8  1.17E-04
1693    1.12E-04
1693.2  8.64E-05
1693.4  9.05E-05
1693.6  1.10E-04
1693.8  1.00E-04
1694    7.77E-05
1694.2  8.69E-05
1694.4  1.05E-04
1694.6  8.93E-05
1694.8  7.13E-05
1695    8.58E-05
1695.2  9.51E-05
1695.4  7.93E-05
1695.6  6.64E-05
1695.8  8.07E-05
1696    8.63E-05
1696.2  6.95E-05
1696.4  6.33E-05
1696.6  7.77E-05
1696.8  7.87E-05
1697    6.15E-05
1697.2  5.75E-05
1697.4  7.40E-05
1697.6  7.10E-05
1697.8  5.41E-05
1698    5.46E-05
1698.2  6.83E-05
1698.4  6.32E-05
1698.6  4.90E-05
1698.8  5.25E-05
1699    6.36E-05
1699.2  5.69E-05
1699.4  4.33E-05
1699.6  5.02E-05
1699.8  5.79E-05
1700    4.71E-05
1700.2  0.00E+00
1700.4  0.00E+00
1700.6  0.00E+00
1700.8  0.00E+00
1701    0.00E+00
1701.2  0.00E+00
1701.4  0.00E+00
1701.6  0.00E+00
1701.8  0.00E+00
1702    0.00E+00
1702.2  0.00E+00
1702.4  0.00E+00
1702.6  0.00E+00
1702.8  0.00E+00
1703    0.00E+00
1703.2  0.00E+00
1703.4  0.00E+00
1703.6  0.00E+00
1703.8  0.00E+00
1704    0.00E+00
1704.2  0.00E+00
1704.4  0.00E+00
1704.6  0.00E+00
1704.8  0.00E+00
1705    0.00E+00
1705.2  0.00E+00
1705.4  0.00E+00
1705.6  0.00E+00
1705.8  0.00E+00
1706    0.00E+00
1706.2  0.00E+00
1706.4  0.00E+00
1706.6  0.00E+00
1706.8  0.00E+00
1707    0.00E+00
1707.2  0.00E+00
1707.4  0.00E+00
1707.6  0.00E+00
1707.8  0.00E+00
1708    0.00E+00
1708.2  0.00E+00
1708.4  0.00E+00
1708.6  0.00E+00
1708.8  0.00E+00
1709    0.00E+00
1709.2  0.00E+00
1709.4  0.00E+00
1709.6  0.00E+00
1709.8  0.00E+00
1710    0.00E+00
1710.2  0.00E+00
1710.4  0.00E+00
1710.6  0.00E+00
1710.8  0.00E+00
1711    0.00E+00
1711.2  0.00E+00
1711.4  0.00E+00
1711.6  0.00E+00
1711.8  0.00E+00
1712    0.00E+00
1712.2  0.00E+00
1712.4  0.00E+00
1712.6  0.00E+00
1712.8  0.00E+00
1713    0.00E+00
1713.2  0.00E+00
1713.4  0.00E+00
1713.6  0.00E+00
1713.8  0.00E+00
1714    0.00E+00
1714.2  0.00E+00
1714.4  0.00E+00
1714.6  0.00E+00
1714.8  0.00E+00
1715    0.00E+00
1715.2  0.00E+00
1715.4  0.00E+00
1715.6  0.00E+00
1715.8  0.00E+00
1716    0.00E+00
1716.2  0.00E+00
1716.4  0.00E+00
1716.6  0.00E+00
1716.8  0.00E+00
1717    0.00E+00
1717.2  0.00E+00
1717.4  0.00E+00
1717.6  0.00E+00
1717.8  0.00E+00
1718    0.00E+00
1718.2  0.00E+00
1718.4  0.00E+00
1718.6  0.00E+00
1718.8  0.00E+00
1719    0.00E+00
1719.2  0.00E+00
1719.4  0.00E+00
1719.6  0.00E+00
1719.8  0.00E+00
1720    0.00E+00
1720.2  0.00E+00
1720.4  0.00E+00
1720.6  0.00E+00
1720.8  0.00E+00
1721    0.00E+00
1721.2  0.00E+00
1721.4  0.00E+00
1721.6  0.00E+00
1721.8  0.00E+00
1722    0.00E+00
1722.2  0.00E+00
1722.4  0.00E+00
1722.6  0.00E+00
1722.8  0.00E+00
1723    0.00E+00
1723.2  0.00E+00
1723.4  0.00E+00
1723.6  0.00E+00
1723.8  0.00E+00
1724    0.00E+00
1724.2  0.00E+00
1724.4  0.00E+00
1724.6  0.00E+00
1724.8  0.00E+00
1725    0.00E+00
1725.2  0.00E+00
1725.4  0.00E+00
1725.6  0.00E+00
1725.8  0.00E+00
1726    0.00E+00
1726.2  0.00E+00
1726.4  0.00E+00
1726.6  0.00E+00
1726.8  0.00E+00
1727    0.00E+00
1727.2  0.00E+00
1727.4  0.00E+00
1727.6  0.00E+00
1727.8  0.00E+00
1728    0.00E+00
1728.2  0.00E+00
1728.4  0.00E+00
1728.6  0.00E+00
1728.8  0.00E+00
1729    0.00E+00
1729.2  0.00E+00
1729.4  0.00E+00
1729.6  0.00E+00
1729.8  0.00E+00
1730    0.00E+00
1730.2  0.00E+00
1730.4  0.00E+00
1730.6  0.00E+00
1730.8  0.00E+00
1731    0.00E+00
1731.2  0.00E+00
1731.4  0.00E+00
1731.6  0.00E+00
1731.8  0.00E+00
1732    0.00E+00
1732.2  0.00E+00
1732.4  0.00E+00
1732.6  0.00E+00
1732.8  0.00E+00
1733    0.00E+00
1733.2  0.00E+00
1733.4  0.00E+00
1733.6  0.00E+00
1733.8  0.00E+00
1734    0.00E+00
1734.2  0.00E+00
1734.4  0.00E+00
1734.6  0.00E+00
1734.8  0.00E+00
1735    0.00E+00
1735.2  0.00E+00
1735.4  0.00E+00
1735.6  0.00E+00
1735.8  0.00E+00
1736    0.00E+00
1736.2  0.00E+00
1736.4  0.00E+00
1736.6  0.00E+00
1736.8  0.00E+00
1737    0.00E+00
1737.2  0.00E+00
1737.4  0.00E+00
1737.6  0.00E+00
1737.8  0.00E+00
1738    0.00E+00
1738.2  0.00E+00
1738.4  0.00E+00
1738.6  0.00E+00
1738.8  0.00E+00
1739    0.00E+00
1739.2  0.00E+00
1739.4  0.00E+00
1739.6  0.00E+00
1739.8  0.00E+00
1740    0.00E+00
1740.2  0.00E+00
1740.4  0.00E+00
1740.6  0.00E+00
1740.8  0.00E+00
1741    0.00E+00
1741.2  0.00E+00
1741.4  0.00E+00
1741.6  0.00E+00
1741.8  0.00E+00
1742    0.00E+00
1742.2  0.00E+00
1742.4  0.00E+00
1742.6  0.00E+00
1742.8  0.00E+00
1743    0.00E+00
1743.2  0.00E+00
1743.4  0.00E+00
1743.6  0.00E+00
1743.8  0.00E+00
1744    0.00E+00
1744.2  0.00E+00
1744.4  0.00E+00
1744.6  0.00E+00
1744.8  0.00E+00
1745    0.00E+00
1745.2  0.00E+00
1745.4  0.00E+00
1745.6  0.00E+00
1745.8  0.00E+00
1746    0.00E+00
1746.2  0.00E+00
1746.4  0.00E+00
1746.6  0.00E+00
1746.8  0.00E+00
1747    0.00E+00
1747.2  0.00E+00
1747.4  0.00E+00
1747.6  0.00E+00
1747.8  0.00E+00
1748    0.00E+00
1748.2  0.00E+00
1748.4  0.00E+00
1748.6  0.00E+00
1748.8  0.00E+00
1749    0.00E+00
1749.2  0.00E+00
1749.4  0.00E+00
1749.6  0.00E+00
1749.8  0.00E+00
1750    0.00E+00
1750.2  0.00E+00
1750.4  0.00E+00
1750.6  0.00E+00
1750.8  0.00E+00
1751    0.00E+00
1751.2  0.00E+00
1751.4  0.00E+00
1751.6  0.00E+00
1751.8  0.00E+00
1752    0.00E+00
1752.2  0.00E+00
1752.4  0.00E+00
1752.6  0.00E+00
1752.8  0.00E+00
1753    0.00E+00
1753.2  0.00E+00
1753.4  0.00E+00
1753.6  0.00E+00
1753.8  0.00E+00
1754    0.00E+00
1754.2  0.00E+00
1754.4  0.00E+00
1754.6  0.00E+00
1754.8  0.00E+00
1755    0.00E+00
1755.2  0.00E+00
1755.4  0.00E+00
1755.6  0.00E+00
1755.8  0.00E+00
1756    0.00E+00
1756.2  0.00E+00
1756.4  0.00E+00
1756.6  0.00E+00
1756.8  0.00E+00
1757    0.00E+00
1757.2  0.00E+00
1757.4  0.00E+00
1757.6  0.00E+00
1757.8  0.00E+00
1758    0.00E+00
1758.2  0.00E+00
1758.4  0.00E+00
1758.6  0.00E+00
1758.8  0.00E+00
1759    0.00E+00
1759.2  0.00E+00
1759.4  0.00E+00
1759.6  0.00E+00
1759.8  0.00E+00
1760    0.00E+00
1760.2  0.00E+00
1760.4  0.00E+00
1760.6  0.00E+00
1760.8  0.00E+00
1761    0.00E+00
1761.2  0.00E+00
1761.4  0.00E+00
1761.6  0.00E+00
1761.8  0.00E+00
1762    0.00E+00
1762.2  0.00E+00
1762.4  0.00E+00
1762.6  0.00E+00
1762.8  0.00E+00
1763    0.00E+00
1763.2  0.00E+00
1763.4  0.00E+00
1763.6  0.00E+00
1763.8  0.00E+00
1764    0.00E+00
1764.2  0.00E+00
1764.4  0.00E+00
1764.6  0.00E+00
1764.8  0.00E+00
1765    0.00E+00
1765.2  0.00E+00
1765.4  0.00E+00
1765.6  0.00E+00
1765.8  0.00E+00
1766    0.00E+00
1766.2  0.00E+00
1766.4  0.00E+00
1766.6  0.00E+00
1766.8  0.00E+00
1767    0.00E+00
1767.2  0.00E+00
1767.4  0.00E+00
1767.6  0.00E+00
1767.8  0.00E+00
1768    0.00E+00
1768.2  0.00E+00
1768.4  0.00E+00
1768.6  0.00E+00
1768.8  0.00E+00
1769    0.00E+00
1769.2  0.00E+00
1769.4  0.00E+00
1769.6  0.00E+00
1769.8  0.00E+00
1770    0.00E+00
1770.2  0.00E+00
1770.4  0.00E+00
1770.6  0.00E+00
1770.8  0.00E+00
1771    0.00E+00
1771.2  0.00E+00
1771.4  0.00E+00
1771.6  0.00E+00
1771.8  0.00E+00
1772    0.00E+00
1772.2  0.00E+00
1772.4  0.00E+00
1772.6  0.00E+00
1772.8  0.00E+00
1773    0.00E+00
1773.2  0.00E+00
1773.4  0.00E+00
1773.6  0.00E+00
1773.8  0.00E+00
1774    0.00E+00
1774.2  0.00E+00
1774.4  0.00E+00
1774.6  0.00E+00
1774.8  0.00E+00
1775    0.00E+00
1775.2  0.00E+00
1775.4  0.00E+00
1775.6  0.00E+00
1775.8  0.00E+00
1776    0.00E+00
1776.2  0.00E+00
1776.4  0.00E+00
1776.6  0.00E+00
1776.8  0.00E+00
1777    0.00E+00
1777.2  0.00E+00
1777.4  0.00E+00
1777.6  0.00E+00
1777.8  0.00E+00
1778    0.00E+00
1778.2  0.00E+00
1778.4  0.00E+00
1778.6  0.00E+00
1778.8  0.00E+00
1779    0.00E+00
1779.2  0.00E+00
1779.4  0.00E+00
1779.6  0.00E+00
1779.8  0.00E+00
1780    0.00E+00
1780.2  0.00E+00
1780.4  0.00E+00
1780.6  0.00E+00
1780.8  0.00E+00
1781    0.00E+00
1781.2  0.00E+00
1781.4  0.00E+00
1781.6  0.00E+00
1781.8  0.00E+00
1782    0.00E+00
1782.2  0.00E+00
1782.4  0.00E+00
1782.6  0.00E+00
1782.8  0.00E+00
1783    0.00E+00
1783.2  0.00E+00
1783.4  0.00E+00
1783.6  0.00E+00
1783.8  0.00E+00
1784    0.00E+00
1784.2  0.00E+00
1784.4  0.00E+00
1784.6  0.00E+00
1784.8  0.00E+00
1785    0.00E+00
1785.2  0.00E+00
1785.4  0.00E+00
1785.6  0.00E+00
1785.8  0.00E+00
1786    0.00E+00
1786.2  0.00E+00
1786.4  0.00E+00
1786.6  0.00E+00
1786.8  0.00E+00
1787    0.00E+00
1787.2  0.00E+00
1787.4  0.00E+00
1787.6  0.00E+00
1787.8  0.00E+00
1788    0.00E+00
1788.2  0.00E+00
1788.4  0.00E+00
1788.6  0.00E+00
1788.8  0.00E+00
1789    0.00E+00
1789.2  0.00E+00
1789.4  0.00E+00
1789.6  0.00E+00
1789.8  0.00E+00
1790    0.00E+00
1790.2  0.00E+00
1790.4  0.00E+00
1790.6  0.00E+00
1790.8  0.00E+00
1791    0.00E+00
1791.2  0.00E+00
1791.4  0.00E+00
1791.6  0.00E+00
1791.8  0.00E+00
1792    0.00E+00
1792.2  0.00E+00
1792.4  0.00E+00
1792.6  0.00E+00
1792.8  0.00E+00
1793    0.00E+00
1793.2  0.00E+00
1793.4  0.00E+00
1793.6  0.00E+00
1793.8  0.00E+00
1794    0.00E+00
1794.2  0.00E+00
1794.4  0.00E+00
1794.6  0.00E+00
1794.8  0.00E+00
1795    0.00E+00